[gd_scene load_steps=8 format=2]

[ext_resource path="res://BlenderExports/BasicSofa.glb" type="PackedScene" id=1]
[ext_resource path="res://BlenderExports/3dRoomWallsBasic.glb" type="PackedScene" id=2]
[ext_resource path="res://MiniObjects/RedCube.tscn" type="PackedScene" id=3]
[ext_resource path="res://main/BaseRoom/BaseRoom.tscn" type="PackedScene" id=4]
[ext_resource path="res://main/EventScripts/hover.gd" type="Script" id=5]
[ext_resource path="res://main/EventScripts/rotate_x.gd" type="Script" id=6]
[ext_resource path="res://main/EventScripts/hide.gd" type="Script" id=7]

[node name="Room1" instance=ExtResource( 4 )]

[node name="Camera" parent="." index="0"]
transform = Transform( -0.0159865, 0.361334, -0.932299, 0, 0.932418, 0.361381, 0.999872, 0.00577722, -0.0149061, -15.0678, 7.99025, 1.55273 )

[node name="3dRoomWallsBasic" parent="." index="1" instance=ExtResource( 2 )]

[node name="Hover1" parent="." index="2" groups=["hovering"] instance=ExtResource( 1 )]
transform = Transform( -0.723509, 0, -0.690314, 0, 1, 0, 0.690314, 0, -0.723509, 1.69622, 4.5442, -3.69568 )
script = ExtResource( 5 )

[node name="Hide1" parent="." index="3" groups=["hiding"] instance=ExtResource( 1 )]
transform = Transform( -0.999968, -0.00737137, 0.00309183, 0.00372511, -0.771955, -0.635666, 0.00707249, -0.635635, 0.771958, 0.0407827, 7.51138, 4.20155 )
script = ExtResource( 7 )

[node name="Rotate1" parent="." index="4" groups=["rotating"] instance=ExtResource( 1 )]
transform = Transform( -0.291971, 0, 0.956428, 0, 1, 0, -0.956428, 0, -0.291971, -5.12243, 0.715979, 4.81978 )
script = ExtResource( 6 )

[node name="Hide2" parent="." index="5" groups=["hiding"] instance=ExtResource( 3 )]
transform = Transform( 0.5, 0, 0, 0, 0.5, 0, 0, 0, 0.5, -4.2424, 6.15495, -6.85253 )
script = ExtResource( 7 )
